1.592714910261450677e+04
1.710153457476454423e+04
1.705807174094444781e+04
1.952484637107914750e+04
1.986445976762538339e+04
2.185988866580953254e+04
2.256851940406876020e+04
2.327627959092606761e+04
2.296802343745598046e+04
2.299436773247654492e+04
2.307809805840053014e+04
2.253647105485984139e+04
2.290748345359632003e+04
2.264510769680614249e+04
2.273704637501851539e+04
2.255557629295045626e+04
2.269665800838237919e+04
2.265733289687882643e+04
2.287721155221407389e+04
2.259592716651541195e+04
2.234044335684598627e+04
2.298996264871403400e+04
