1.000000000000000000e+04
1.004992370812481749e+04
1.025338324970133544e+04
1.059566877976140495e+04
1.106202730773531039e+04
1.163733834270968327e+04
1.230585755298625372e+04
1.305103466044426023e+04
1.385541277164199710e+04
1.470063028802584085e+04
1.556755387217236967e+04
1.643658093176809052e+04
1.728814934849801648e+04
1.810347764696338345e+04
1.886552100788774987e+04
1.956006161361658815e+04
2.017676443651652153e+04
2.070995846101144343e+04
2.115889872789673245e+04
2.152737173756743141e+04
2.182270181409596262e+04
2.205440932998907010e+04
2.223285190779321420e+04
2.236811934229463077e+04
2.246930914652660795e+04
2.254417247413669611e+04
2.259904080575893749e+04
2.263892578557123124e+04
2.266770173363098729e+04
2.268831173447749825e+04
2.270296203022197733e+04
2.271328994357123156e+04
2.272050107957374348e+04
2.272547765037529825e+04
2.272886185502035005e+04
2.273111890593049975e+04
2.273258435786762857e+04
2.273349917220485804e+04
2.273403541702681105e+04
2.273431539877079922e+04
2.273442547191044650e+04
2.273442610258184868e+04
2.273435923579247537e+04
2.273425360962716150e+04
2.273412857113700375e+04
2.273399689860502986e+04
2.273386674036974364e+04
2.273374305502972493e+04
2.273362863214187382e+04
2.273352477687478313e+04
2.273343186434581003e+04
2.273334966029887801e+04
2.273327754709382134e+04
2.273321472931109020e+04
2.273316031673927137e+04
2.273311340084477342e+04
2.273307310402323492e+04
2.273303860407658067e+04
2.273300914627937527e+04
2.273298405074187758e+04
2.273296271259393325e+04
2.273294459989393727e+04
2.273292924626030799e+04
2.273291624693808262e+04
2.273290525353281555e+04
2.273289596545059612e+04
2.273288812312089067e+04
2.273288150092677461e+04
2.273287591985788458e+04
2.273287121004457003e+04
2.273286724678414612e+04
2.273286390681018747e+04
2.273286109827381006e+04
2.273285873600255945e+04
2.273285674875275436e+04
2.273285508029249831e+04
2.273285367740838410e+04
2.273285249979126820e+04
2.273285151436926026e+04
2.273285068558068815e+04
2.273284999238469391e+04
2.273284940909193756e+04
2.273284891726966453e+04
2.273284850408104467e+04
2.273284815370977594e+04
2.273284785934619504e+04
2.273284761123366843e+04
2.273284740258780585e+04
2.273284722833144406e+04
2.273284708288086040e+04
2.273284696049095510e+04
2.273284685799496947e+04
2.273284677450281742e+04
2.273284670354751506e+04
2.273284664191271804e+04
2.273284659204834315e+04
2.273284654962107015e+04
2.273284651172998201e+04
2.273284648003602706e+04
2.273284645336054746e+04
2.273284643039046932e+04
2.273284641065038886e+04
2.273284639415180573e+04
2.273284638074118629e+04
2.273284636962226432e+04
2.273284636029196190e+04
2.273284635280560178e+04
2.273284634838816783e+04
2.273284634592961083e+04
2.273284634408136480e+04
2.273284634149487101e+04
2.273284633745891188e+04
2.273284633592300816e+04
2.273284633647339797e+04
2.273284633745170140e+04
2.273284633719954581e+04
2.273284633422327897e+04
2.273284633133286115e+04
2.273284632962751130e+04
2.273284632846309978e+04
2.273284632719548608e+04
2.273284632518145008e+04
2.273284632251216317e+04
2.273284631979957703e+04
2.273284631730885667e+04
2.273284631530517800e+04
2.273284631405370965e+04
2.273284631329146214e+04
2.273284631233609252e+04
2.273284631136958342e+04
2.273284631058944433e+04
2.273284631019317749e+04
2.273284631032824473e+04
2.273284631083427666e+04
2.273284631148399058e+04
2.273284631205502592e+04
2.273284631232501488e+04
2.273284631232133324e+04
2.273284631341229397e+04
2.273284631550591075e+04
2.273284631819752030e+04
2.273284632108244841e+04
2.273284632375602814e+04
2.273284632581358892e+04
2.273284632685046381e+04
2.273284632646198224e+04
2.273284632446269097e+04
2.273284632307730863e+04
2.273284632273761599e+04
2.273284632312579924e+04
2.273284632392403728e+04
2.273284632481451627e+04
2.273284632547941510e+04
2.273284632560091632e+04
2.273284632486120609e+04
2.273284632298023280e+04
2.273284632073901957e+04
2.273284631859638466e+04
2.273284631659846491e+04
2.273284631479141171e+04
2.273284631322136556e+04
2.273284631193446330e+04
2.273284631097685633e+04
2.273284631039468513e+04
2.273284631022918620e+04
2.273284630996129272e+04
2.273284630931416177e+04
2.273284630842432671e+04
2.273284630742830996e+04
2.273284630646264486e+04
2.273284630566386477e+04
2.273284630516849211e+04
2.273284630511306386e+04
2.273284630563410246e+04
2.273284630651884072e+04
2.273284630740877765e+04
2.273284630827308501e+04
2.273284630908115651e+04
2.273284630980238217e+04
2.273284631040615204e+04
2.273284631086186710e+04
2.273284631113891010e+04
2.273284631120667837e+04
2.273284631124462612e+04
2.273284631155347597e+04
2.273284631204843026e+04
2.273284631263781557e+04
2.273284631322995847e+04
2.273284631373317825e+04
2.273284631405580149e+04
2.273284631410615839e+04
2.273284631379256462e+04
2.273284631324027214e+04
2.273284631270938189e+04
2.273284631221091695e+04
2.273284631175455797e+04
2.273284631134998199e+04
2.273284631100685874e+04
2.273284631073486889e+04
2.273284631054368947e+04
2.273284631044299385e+04
2.273284631044299385e+04
2.273284631044299385e+04
2.273284631044299385e+04
2.273284631044299385e+04
2.273284631044299385e+04
2.273284631044299385e+04
2.273284631044299385e+04
2.273284631044299385e+04
2.273284631044299385e+04
2.273284631044299385e+04
2.273284631044299385e+04
2.273284631044299385e+04
2.273284631044299385e+04
2.273284631044299385e+04
2.273284631044299385e+04
2.273284631044299385e+04
2.273284631044299385e+04
2.273284631044299385e+04
2.273284631044299385e+04
2.273284631044299385e+04
2.273284631044299385e+04
2.273284631044299385e+04
2.273284631044299385e+04
2.273284631044299385e+04
2.273284631044299385e+04
2.273284631044299385e+04
2.273284631044299385e+04
2.273284631044299385e+04
2.273284631044299385e+04
2.273284631044299385e+04
2.273284631044299385e+04
2.273284631044299385e+04
2.273284631044299385e+04
2.273284631044299385e+04
2.273284631044299385e+04
2.273284631044299385e+04
2.273284631044299385e+04
2.273284631044299385e+04
2.273284631044299385e+04
2.273284631044299385e+04
2.273284631044299385e+04
2.273284631044299385e+04
2.273284631044299385e+04
2.273284631044299385e+04
2.273284631044299385e+04
2.273284631044299385e+04
2.273284631044299385e+04
2.273284631044299385e+04
2.273284631044299385e+04
2.273284631044299385e+04
2.273284631044299385e+04
2.273284631044299385e+04
2.273284631044299385e+04
2.273284631044299385e+04
2.273284631044299385e+04
2.273284631044299385e+04
2.273284631044299385e+04
2.273284631044299385e+04
2.273284631044299385e+04
2.273284631044299385e+04
2.273284631044299385e+04
2.273284631044299385e+04
2.273284631044299385e+04
2.273284631044299385e+04
2.273284631044299385e+04
2.273284631044299385e+04
2.273284631044299385e+04
2.273284631044299385e+04
2.273284631044299385e+04
2.273284631044299385e+04
2.273284631044299385e+04
2.273284631044299385e+04
2.273284631044299385e+04
2.273284631044299385e+04
2.273284631044299385e+04
2.273284631044299385e+04
2.273284631044299385e+04
2.273284631044299385e+04
2.273284631044299385e+04
2.273284631044299385e+04
2.273284631044299385e+04
2.273284631044299385e+04
2.273284631044299385e+04
2.273284631044299385e+04
2.273284631044299385e+04
2.273284631044299385e+04
2.273284631044299385e+04
2.273284631044299385e+04
2.273284631044299385e+04
2.273284631044299385e+04
2.273284631044299385e+04
2.273284631044299385e+04
2.273284631044299385e+04
2.273284631044299385e+04
2.273284631044299385e+04
2.273284631044299385e+04
2.273284631044299385e+04
2.273284631044299385e+04
2.273284631044299385e+04
2.273284631044299385e+04
2.273284631044299385e+04
2.273284631044299385e+04
2.273284631044299385e+04
2.273284631044299385e+04
2.273284631044299385e+04
2.273284631044299385e+04
2.273284631044299385e+04
2.273284631044299385e+04
2.273284631044299385e+04
2.273284631044299385e+04
2.273284631044299385e+04
2.273284631044299385e+04
2.273284631044299385e+04
2.273284631044299385e+04
2.273284631044299385e+04
2.273284631044299385e+04
2.273284631044299385e+04
2.273284631044299385e+04
2.273284631044299385e+04
2.273284631044299385e+04
2.273284631044299385e+04
2.273284631044299385e+04
2.273284631044299385e+04
2.273284631044299385e+04
2.273284631044299385e+04
2.273284631044299385e+04
2.273284631044299385e+04
2.273284631044299385e+04
2.273284631044299385e+04
2.273284631044299385e+04
2.273284631044299385e+04
2.273284631044299385e+04
2.273284631044299385e+04
2.273284631044299385e+04
2.273284631044299385e+04
2.273284631044299385e+04
2.273284631044299385e+04
2.273284631044299385e+04
2.273284631044299385e+04
2.273284631044299385e+04
2.273284631044299385e+04
2.273284631044299385e+04
2.273284631044299385e+04
2.273284631044299385e+04
2.273284631044299385e+04
2.273284631044299385e+04
2.273284631044299385e+04
2.273284631044299385e+04
2.273284631044299385e+04
2.273284631044299385e+04
2.273284631044299385e+04
2.273284631044299385e+04
2.273284631044299385e+04
2.273284631044299385e+04
2.273284631044299385e+04
2.273284631044299385e+04
2.273284631044299385e+04
2.273284631044299385e+04
2.273284631044299385e+04
2.273284631044299385e+04
2.273284631044299385e+04
2.273284631044299385e+04
2.273284631044299385e+04
2.273284631044299385e+04
2.273284631044299385e+04
2.273284631044299385e+04
2.273284631044299385e+04
2.273284631044299385e+04
2.273284631044299385e+04
2.273284631044299385e+04
2.273284631044299385e+04
2.273284631044299385e+04
2.273284631044299385e+04
2.273284631044299385e+04
2.273284631044299385e+04
2.273284631044299385e+04
2.273284631044299385e+04
2.273284631044299385e+04
2.273284631044299385e+04
2.273284631044299385e+04
2.273284631044299385e+04
2.273284631044299385e+04
2.273284631044299385e+04
2.273284631044299385e+04
2.273284631044299385e+04
2.273284631044299385e+04
2.273284631044299385e+04
2.273284631044299385e+04
2.273284631044299385e+04
2.273284631044299385e+04
2.273284631044299385e+04
2.273284631044299385e+04
2.273284631044299385e+04
2.273284631044299385e+04
2.273284631044299385e+04
2.273284631044299385e+04
2.273284631044299385e+04
2.273284631044299385e+04
2.273284631044299385e+04
2.273284631044299385e+04
