1.000000000000000000e+04
1.015612344117410066e+04
1.037844168975960019e+04
1.060054756271581391e+04
1.081928178763049982e+04
1.103453953971781630e+04
1.124636274107581812e+04
1.145479972906176772e+04
1.165989842926723395e+04
1.186170610253427913e+04
1.206026929774526070e+04
1.225563392018692684e+04
1.244784514081373709e+04
1.263694742201091503e+04
1.282298459704701236e+04
1.300599987504756791e+04
1.318603583251557575e+04
1.336313442197150107e+04
1.353733697157658753e+04
1.370868420858222999e+04
1.387721626017554627e+04
1.404297267046167144e+04
1.420599242449185294e+04
1.436631394447975072e+04
1.452397510134718686e+04
1.467901318155835361e+04
1.483146496778656547e+04
1.498136673116961902e+04
1.512875422073494519e+04
1.527366267258355947e+04
1.541612683342225318e+04
1.555618101083005786e+04
1.569385899953191438e+04
1.582919410651107682e+04
1.596221921331498743e+04
1.609296672401223805e+04
1.622146860109786940e+04
1.634775637937714600e+04
1.647186117218847357e+04
1.659381366606396114e+04
1.671364415333774377e+04
1.683138252420897334e+04
1.694705827436889740e+04
1.706070051629713998e+04
1.717233799262833418e+04
1.728199906221353012e+04
1.738971173297359928e+04
1.749550365242382031e+04
1.759940212003069246e+04
1.770143409500966300e+04
1.780162620335281099e+04
1.790000474411622781e+04
1.799659569701701912e+04
1.809142472399216058e+04
1.818451718474956942e+04
1.827589813906443305e+04
1.836559234031513188e+04
1.845362426476390101e+04
1.854001810256182580e+04
1.862479775539820912e+04
1.870798686374287354e+04
1.878960879714305702e+04
1.886968665566152049e+04
1.894824329060377931e+04
1.902530129646943169e+04
1.910088301361208869e+04
1.917501054965715593e+04
1.924770577203244102e+04
1.931899029602249720e+04
1.938888552388038443e+04
1.945741262940848537e+04
1.952459255353055050e+04
1.959044601246068851e+04
1.965499352150404957e+04
1.971825537704274393e+04
1.978025164402078008e+04
1.984100220443665603e+04
1.990052672929802429e+04
1.995884467393943851e+04
2.001597529930958262e+04
2.007193767529298930e+04
2.012675066951126064e+04
2.018043294370681178e+04
2.023300298519723219e+04
2.028447908686487062e+04
2.033487933412626444e+04
2.038422164229632108e+04
2.043252373845728289e+04
2.047980315677771432e+04
2.052607724284686992e+04
2.057136317104407135e+04
2.061567792899671622e+04
2.065903830769078922e+04
2.070146093414168718e+04
2.074296225043689628e+04
2.078355851001361225e+04
2.082326578979097394e+04
2.086209999183372929e+04
2.090007683501005886e+04
2.093721185195648650e+04
2.097352040657008183e+04
2.100901768136379178e+04
2.104371867230762655e+04
2.107763820382648191e+04
2.111079092095401211e+04
2.114319128754161284e+04
2.117485358722399906e+04
2.120579192875939407e+04
2.123602024086472738e+04
2.126555227066825682e+04
2.129440158982074354e+04
2.132258159031165997e+04
2.135010548511052184e+04
2.137698630866030362e+04
2.140323691697565300e+04
2.142886998876554935e+04
2.145389802684743700e+04
2.147833335065104257e+04
2.150218810347450199e+04
2.152547425042361647e+04
2.154820357846216211e+04
2.157038770663724790e+04
2.159203807401910672e+04
2.161316593649727292e+04
2.163378237722262929e+04
2.165389830493178670e+04
2.167352447323240631e+04
2.169267143597140603e+04
2.171134958233779980e+04
2.172956912817427656e+04
2.174734012705604255e+04
2.176467246386545958e+04
2.178157584382115965e+04
2.179805980797112352e+04
2.181413373809457698e+04
2.182980684383242260e+04
2.184508816975423179e+04
2.185998659794991545e+04
2.187451085621434686e+04
2.188866950175258171e+04
2.190247093479247997e+04
2.191592340015895024e+04
2.192903499142833971e+04
2.194181363782985136e+04
2.195426711778284152e+04
2.196640306417040483e+04
2.197822895852729562e+04
2.198975212913779978e+04
2.200097975933840280e+04
2.201191889589063067e+04
2.202257643452833145e+04
2.203295913101257975e+04
2.204307360262718794e+04
2.205292633426093380e+04
2.206252366861210248e+04
2.207187181653345760e+04
2.208097685853635267e+04
2.208984474681139181e+04
2.209848130199370644e+04
2.210689221971930965e+04
2.211508307392533607e+04
2.212305931523051549e+04
2.213082627296447754e+04
2.213838915866833122e+04
2.214575307090398564e+04
2.215292298994048542e+04
2.215990378491616866e+04
2.216670021447112958e+04
2.217331692984233450e+04
2.217975847546663135e+04
2.218602929038725415e+04
2.219213371145611382e+04
2.219807597470120891e+04
2.220386021695699310e+04
2.220949047880469516e+04
2.221497070566902039e+04
2.222030474997795682e+04
2.222549636931477653e+04
2.223054923543192854e+04
2.223546693182923991e+04
2.224025295607536100e+04
2.224491071876335627e+04
2.224944354760041824e+04
2.225385469346040554e+04
2.225814732677185748e+04
2.226232453995535252e+04
2.226638934344055087e+04
2.227034468237541296e+04
2.227419342661057817e+04
2.227793837554644415e+04
2.228158225234261045e+04
2.228512771830157362e+04
2.228857736902519900e+04
2.229193373463363241e+04
2.229519927866250509e+04
2.229837640010330142e+04
2.230146744478165419e+04
2.230447469688187994e+04
2.230740038278274005e+04
2.231024666282448015e+04
2.231301565474327799e+04
2.231570941855031560e+04
2.231832996226716205e+04
2.232087923575500827e+04
2.232335914308567953e+04
2.232577154222645913e+04
2.232811824205758967e+04
2.233040100235294085e+04
2.233262153260166451e+04
2.233478150732706854e+04
2.233688255464558824e+04
2.233892626106402895e+04
2.234091417049397205e+04
2.234284778056028517e+04
2.234472855418143445e+04
2.234655791586680789e+04
2.234833725348270309e+04
2.235006791687506848e+04
2.235175122681655193e+04
2.235338846697365443e+04
2.235498088080433445e+04
2.235652967903961326e+04
2.235803604375149371e+04
2.235950112304549111e+04
2.236092603864086777e+04
2.236231188176500291e+04
2.236365971324067868e+04
2.236497056765506568e+04
2.236624544909519682e+04
2.236748533613212931e+04
2.236869118205394989e+04
2.236986391073899722e+04
2.237100442790172019e+04
2.237211360642049840e+04
2.237319230629242884e+04
2.237424135425052009e+04
2.237526156375385472e+04
2.237625372194076044e+04
2.237721859101900554e+04
2.237815691374664675e+04
2.237906941897770594e+04
2.237995681038302791e+04
2.238081977608534362e+04
2.238165898447503423e+04
2.238247508064108479e+04
2.238326870300200608e+04
2.238404047121641997e+04
2.238479098020667152e+04
2.238552081022970015e+04
2.238623053301714390e+04
2.238692070218747540e+04
2.238759184905673465e+04
2.238824449731468121e+04
2.238887915448602507e+04
2.238949631394515382e+04
2.239009645617928982e+04
2.239068004756773735e+04
2.239124754201422184e+04
2.239179938181736725e+04
2.239233599722710278e+04
2.239285780612368399e+04
2.239336521568424723e+04
2.239385862234773231e+04
2.239433841126329207e+04
2.239480495233919282e+04
2.239525861341353084e+04
2.239569974984396322e+04
2.239612870785603081e+04
2.239654582491236215e+04
2.239695141909778977e+04
2.239734580979810198e+04
2.239772930831063786e+04
2.239810221594421819e+04
2.239846482625877616e+04
2.239881742090946136e+04
2.239916027080002095e+04
2.239949364897048508e+04
2.239981781706735637e+04
2.240013302980834851e+04
2.240043953502811928e+04
2.240073756684685577e+04
2.240102736236421697e+04
2.240130914892258443e+04
2.240158314779214561e+04
2.240184957439215577e+04
2.240210863543486994e+04
2.240236053365857515e+04
2.240260546795128539e+04
2.240284363087541715e+04
2.240307520995585583e+04
2.240330038658510603e+04
2.240351933426605319e+04
2.240373222736542084e+04
2.240393923347716191e+04
2.240414051583106630e+04
2.240433623346738750e+04
2.240452653571397968e+04
2.240471157411255990e+04
2.240489149480286505e+04
2.240506643965580224e+04
2.240523654685495421e+04
2.240540194862791031e+04
2.240556277353048063e+04
2.240571914965745600e+04
2.240587120022165982e+04
2.240601904518373340e+04
2.240616280096265473e+04
2.240630257787511800e+04
2.240643848758213426e+04
2.240657063713546813e+04
2.240669913074613214e+04
2.240682406989264928e+04
2.240694555117654090e+04
2.240706367041616249e+04
2.240717852115616915e+04
2.240729019399546451e+04
2.240739877716205592e+04
2.240750435565533917e+04
2.240760701123666877e+04
2.240770682584436508e+04
2.240780387824017816e+04
2.240789824512150881e+04
2.240799000119061748e+04
2.240807921571929910e+04
2.240816596080637828e+04
2.240825030491373400e+04
2.240833231471468753e+04
2.240841205516662376e+04
2.240848958958355070e+04
2.240856497585576290e+04
2.240863827515858793e+04
2.240870954553416959e+04
2.240877884337981595e+04
2.240884622364633469e+04
2.240891173989960589e+04
2.240897544098021172e+04
2.240903737839901078e+04
2.240909760134484168e+04
2.240915615745251125e+04
2.240921309312258745e+04
2.240926845357249113e+04
2.240932228045054580e+04
2.240937461690722193e+04
2.240942550456893514e+04
2.240947498365937645e+04
2.240952309335354221e+04
2.240956987182074590e+04
2.240961535454914701e+04
2.240965957774269918e+04
2.240970257662619042e+04
2.240974438519128671e+04
2.240978503654689848e+04
2.240982456295599695e+04
2.240986299449088619e+04
2.240990036159632655e+04
2.240993669412396775e+04
2.240997202081386058e+04
2.241000636966401726e+04
2.241003976796180359e+04
2.241007224076017883e+04
2.241010381374222925e+04
2.241013451238723064e+04
2.241016436101556246e+04
2.241019338333346241e+04
2.241022160246086423e+04
2.241024904095923921e+04
2.241027571916050147e+04
2.241030165756463975e+04
2.241032687767668540e+04
2.241035139950660596e+04
2.241037524256198958e+04
2.241039842587092426e+04
2.241042096800490981e+04
2.241044288589739517e+04
2.241046419574110769e+04
2.241048491553201166e+04
2.241050506169119399e+04
2.241052465021974785e+04
2.241054369671703535e+04
2.241056221639889918e+04
2.241058022350942338e+04
2.241059773105140266e+04
2.241061475383359721e+04
2.241063130532322975e+04
2.241064739863872455e+04
2.241066304656454668e+04
2.241067826156604133e+04
2.241069305555568644e+04
2.241070743909578960e+04
2.241072142433163754e+04
2.241073502232439205e+04
2.241074824385060128e+04
2.241076109941460527e+04
2.241077359926096324e+04
2.241078575331766115e+04
2.241079757002256520e+04
2.241080905946644270e+04
2.241082023074518656e+04
2.241083109272309594e+04
2.241084165404321539e+04
2.241085192313767766e+04
