3.122980235951919781e+02
3.864825113913416317e+02
3.555804480069053852e+02
3.303754540227815255e+02
3.315789881727682769e+02
2.206728917158632441e+02
7.616265538991041240e+01
1.466801339925039258e+02
1.455265337587827617e+02
1.844308770414545791e+02
1.438607101007316373e+02
1.180927516719789452e+02
1.462753996657019115e+02
1.331512192345385017e+02
1.480112546998072105e+02
1.209234433359124949e+02
1.166065559724105611e+02
9.074356625834322188e+01
1.078444309843998212e+02
1.624706815873639982e+02
1.243109808488063948e+02
7.013840148462367097e+01
