5.000000000000000000e+01
1.249098109205266525e+02
1.285291227651510155e+02
1.287039920855011417e+02
1.287124423360321543e+02
1.287128494299379895e+02
1.287128698559893678e+02
1.287128711345638408e+02
1.287128712266738546e+02
1.287128712672241875e+02
1.287128712946590099e+02
1.287128713071564334e+02
1.287128713012455705e+02
1.287128712894812566e+02
1.287128712854741366e+02
1.287128712872290919e+02
1.287128712888454629e+02
1.287128712896135312e+02
1.287128712880517867e+02
1.287128712869833578e+02
1.287128712865092268e+02
1.287128712868535274e+02
1.287128712871790412e+02
1.287128712877655801e+02
1.287128712886098469e+02
1.287128712885044877e+02
1.287128712882602315e+02
1.287128712888628854e+02
1.287128712885962045e+02
1.287128712881604145e+02
1.287128712885006507e+02
1.287128712881952595e+02
1.287128712872332414e+02
1.287128712861169504e+02
1.287128712846391068e+02
1.287128712837676119e+02
1.287128712843799576e+02
1.287128712863080295e+02
1.287128712885691755e+02
1.287128712908024681e+02
1.287128712919660245e+02
1.287128712901810559e+02
1.287128712862410964e+02
1.287128712823290186e+02
1.287128712797185131e+02
1.287128712791806038e+02
1.287128712840766411e+02
1.287128712907451131e+02
1.287128712950523663e+02
1.287128712940729542e+02
1.287128712920889484e+02
1.287128712892674969e+02
1.287128712850603165e+02
1.287128712809528395e+02
1.287128712794672367e+02
1.287128712841402205e+02
1.287128712875120016e+02
1.287128712907729948e+02
1.287128712914224877e+02
1.287128712925475611e+02
1.287128712910745776e+02
1.287128712863963642e+02
1.287128712827882850e+02
1.287128712814059099e+02
1.287128712828545360e+02
1.287128712805824478e+02
1.287128712776045631e+02
1.287128712732802285e+02
1.287128712720658257e+02
1.287128712744617474e+02
1.287128712824403465e+02
1.287128712923905312e+02
1.287128712964133115e+02
1.287128712926304104e+02
1.287128712770417849e+02
1.287128712729435165e+02
1.287128712775379142e+02
1.287128713002474285e+02
1.287128713184986566e+02
1.287128713176693680e+02
1.287128712910377146e+02
1.287128712393441106e+02
1.287128712140977029e+02
1.287128712107952992e+02
1.287128712540561821e+02
1.287128712825248158e+02
1.287128713048978170e+02
1.287128713092750161e+02
1.287128713011002219e+02
1.287128713017089012e+02
1.287128712970191486e+02
1.287128712887258644e+02
1.287128712783100184e+02
1.287128712715796155e+02
1.287128712760635096e+02
1.287128712825904984e+02
1.287128712866005742e+02
1.287128712895028855e+02
1.287128712897152241e+02
1.287128712927578817e+02
1.287128712935479768e+02
1.287128712900242533e+02
1.287128712871164282e+02
1.287128712846522660e+02
1.287128712842586822e+02
1.287128712853474894e+02
1.287128712851851731e+02
1.287128712857037272e+02
1.287128712868266689e+02
1.287128712880909518e+02
1.287128712889465589e+02
1.287128712884679942e+02
1.287128712877357657e+02
1.287128712873267204e+02
1.287128712869800324e+02
1.287128712864981424e+02
1.287128712846152609e+02
1.287128712827323511e+02
1.287128712814026414e+02
1.287128712813957634e+02
1.287128712837240982e+02
1.287128712862964051e+02
1.287128712879589330e+02
1.287128712896009404e+02
1.287128712907362740e+02
1.287128712908608463e+02
1.287128712911395496e+02
1.287128712903761709e+02
1.287128712881148829e+02
1.287128712838249101e+02
1.287128712791877660e+02
1.287128712766353829e+02
1.287128712769145125e+02
1.287128712823196111e+02
1.287128712867741740e+02
1.287128712900957339e+02
1.287128712914553716e+02
1.287128712890268218e+02
1.287128712890101951e+02
1.287128712884118897e+02
1.287128712875896213e+02
1.287128712867217928e+02
1.287128712854579646e+02
1.287128712847933798e+02
1.287128712855097490e+02
1.287128712866025921e+02
1.287128712872581957e+02
1.287128712877506587e+02
1.287128712875186807e+02
1.287128712877599526e+02
1.287128712879292038e+02
1.287128712877966166e+02
1.287128712873076211e+02
1.287128712869385367e+02
1.287128712866415015e+02
1.287128712866542912e+02
1.287128712868989453e+02
1.287128712869336482e+02
1.287128712870176912e+02
1.287128712871029848e+02
1.287128712872238054e+02
1.287128712873480652e+02
1.287128712873802669e+02
1.287128712872257950e+02
1.287128712872863616e+02
1.287128712873909251e+02
1.287128712875735062e+02
1.287128712878844397e+02
1.287128712881153945e+02
1.287128712881049637e+02
1.287128712878591443e+02
1.287128712872575420e+02
1.287128712863829776e+02
1.287128712860505857e+02
1.287128712860878466e+02
1.287128712867797447e+02
1.287128712884889978e+02
1.287128712892298950e+02
1.287128712892329077e+02
1.287128712881492447e+02
1.287128712853082106e+02
1.287128712824378738e+02
1.287128712818852989e+02
1.287128712832598580e+02
1.287128712878406418e+02
1.287128712957501762e+02
1.287128712980331215e+02
1.287128712970480535e+02
1.287128712902916448e+02
1.287128712745593191e+02
1.287128712654602225e+02
1.287128712645412065e+02
1.287128712737453498e+02
1.287128712993209092e+02
1.287128713294834483e+02
1.287128713364837722e+02
1.287128713260225936e+02
1.287128712859990287e+02
1.287128712077571606e+02
1.287128711844608233e+02
1.287128711905005503e+02
1.287128712492468026e+02
1.287128713907298732e+02
1.287128714919853678e+02
1.287128715068768940e+02
1.287128714294404688e+02
1.287128712012003007e+02
1.287128708926388470e+02
1.287128708148355827e+02
1.287128708953008527e+02
1.287128712473470387e+02
1.287128720152057042e+02
1.287128714913743295e+02
1.287128712852772026e+02
1.287128712946892222e+02
1.287128712924727552e+02
1.287128712872925576e+02
1.287128712855235335e+02
1.287128712867871911e+02
1.287128712888565190e+02
1.287128712887179915e+02
1.287128712877264149e+02
1.287128712868742468e+02
1.287128712867225602e+02
1.287128712869462106e+02
1.287128712871683547e+02
1.287128712872407448e+02
1.287128712873579275e+02
1.287128712873494010e+02
1.287128712871965490e+02
1.287128712871189862e+02
1.287128712870971867e+02
1.287128712870669744e+02
1.287128712871064806e+02
1.287128712871288485e+02
1.287128712871407004e+02
1.287128712871640346e+02
1.287128712871952132e+02
1.287128712872021197e+02
1.287128712871575260e+02
1.287128712871687526e+02
1.287128712871807181e+02
1.287128712871765970e+02
1.287128712871555933e+02
1.287128712871762559e+02
1.287128712871899268e+02
1.287128712871725327e+02
1.287128712871540301e+02
1.287128712871553944e+02
1.287128712871515290e+02
1.287128712871373182e+02
1.287128712871289906e+02
1.287128712871228515e+02
1.287128712871211462e+02
1.287128712871254379e+02
1.287128712871263474e+02
1.287128712871279674e+02
1.287128712871291327e+02
1.287128712871318896e+02
1.287128712871374034e+02
1.287128712871421783e+02
1.287128712871443668e+02
1.287128712871415530e+02
1.287128712871332539e+02
1.287128712871323160e+02
1.287128712871309801e+02
1.287128712871295591e+02
1.287128712871284506e+02
1.287128712871282801e+02
1.287128712871272569e+02
1.287128712871259779e+02
1.287128712871251537e+02
1.287128712871251537e+02
1.287128712871263190e+02
1.287128712871280527e+02
1.287128712871289906e+02
1.287128712871298717e+02
1.287128712871304970e+02
1.287128712871304117e+02
1.287128712871293033e+02
1.287128712871293885e+02
1.287128712871293885e+02
1.287128712871292464e+02
1.287128712871290759e+02
1.287128712871288485e+02
1.287128712871285359e+02
1.287128712871281948e+02
1.287128712871279390e+02
1.287128712871278537e+02
1.287128712871280527e+02
1.287128712871284790e+02
1.287128712871286211e+02
1.287128712871287632e+02
1.287128712871288769e+02
1.287128712871289338e+02
1.287128712871288201e+02
1.287128712871288485e+02
1.287128712871289054e+02
1.287128712871289338e+02
1.287128712871289054e+02
1.287128712871288201e+02
1.287128712871287348e+02
1.287128712871286496e+02
1.287128712871285927e+02
1.287128712871285359e+02
1.287128712871285643e+02
1.287128712871286496e+02
1.287128712871286496e+02
1.287128712871286496e+02
1.287128712871286780e+02
1.287128712871287064e+02
1.287128712871287064e+02
1.287128712871287348e+02
1.287128712871287632e+02
1.287128712871287632e+02
1.287128712871287632e+02
1.287128712871287632e+02
1.287128712871287632e+02
1.287128712871287348e+02
1.287128712871287348e+02
1.287128712871287064e+02
1.287128712871287064e+02
1.287128712871286780e+02
1.287128712871286780e+02
1.287128712871286496e+02
1.287128712871286211e+02
1.287128712871286211e+02
1.287128712871285927e+02
1.287128712871285927e+02
1.287128712871285927e+02
1.287128712871285927e+02
1.287128712871285927e+02
1.287128712871286211e+02
1.287128712871286496e+02
1.287128712871286780e+02
1.287128712871287064e+02
1.287128712871287348e+02
1.287128712871287348e+02
1.287128712871287348e+02
1.287128712871287348e+02
1.287128712871286780e+02
1.287128712871286780e+02
1.287128712871286780e+02
1.287128712871286780e+02
1.287128712871287064e+02
1.287128712871287632e+02
1.287128712871288485e+02
1.287128712871289054e+02
1.287128712871289054e+02
1.287128712871289054e+02
1.287128712871288485e+02
1.287128712871287348e+02
1.287128712871285643e+02
1.287128712871284506e+02
1.287128712871283938e+02
1.287128712871283938e+02
1.287128712871284506e+02
1.287128712871286496e+02
1.287128712871289622e+02
1.287128712871291896e+02
1.287128712871293033e+02
1.287128712871293885e+02
1.287128712871294169e+02
1.287128712871293885e+02
1.287128712871292464e+02
1.287128712871290190e+02
1.287128712871287632e+02
1.287128712871286496e+02
1.287128712871285359e+02
1.287128712871284222e+02
1.287128712871283938e+02
1.287128712871283938e+02
1.287128712871285074e+02
1.287128712871286211e+02
1.287128712871286496e+02
1.287128712871286780e+02
1.287128712871287064e+02
1.287128712871287348e+02
1.287128712871287632e+02
1.287128712871287632e+02
1.287128712871287632e+02
1.287128712871287917e+02
1.287128712871287917e+02
1.287128712871288201e+02
1.287128712871288201e+02
1.287128712871288201e+02
1.287128712871287632e+02
1.287128712871287632e+02
1.287128712871287348e+02
1.287128712871287064e+02
1.287128712871286780e+02
1.287128712871286780e+02
1.287128712871286496e+02
1.287128712871286780e+02
1.287128712871287064e+02
1.287128712871286780e+02
1.287128712871287064e+02
1.287128712871287064e+02
1.287128712871287064e+02
1.287128712871287064e+02
1.287128712871287064e+02
