4.000000000000000000e+01
9.479481358039238614e+01
1.454033700523870607e+02
1.918699394977749364e+02
2.340906706034996034e+02
2.718543599972566653e+02
3.048665987790221266e+02
3.327734025060640874e+02
3.551885518642919237e+02
3.717284803912972961e+02
3.820582297433410872e+02
3.859507648936051396e+02
3.833593645602595075e+02
3.744972314341700326e+02
3.599101647480728161e+02
3.405183153607276267e+02
3.175976642912077068e+02
2.926788743395460415e+02
2.673669823206614637e+02
2.431226140242077918e+02
2.210716459948613135e+02
2.019028973118672070e+02
1.858736000349115898e+02
1.728975180787168426e+02
1.626678555649789928e+02
1.547727638143234969e+02
1.487809040336675537e+02
1.442931336042363455e+02
1.409668306703875942e+02
1.385220633075930152e+02
1.367377484654820421e+02
1.354434006660110299e+02
1.345097757939767860e+02
1.338401039411516820e+02
1.333625774975767229e+02
1.330242894862522576e+02
1.327864606755325383e+02
1.326207856863423160e+02
1.325066978332854717e+02
1.324292906336278008e+02
1.323777991725421259e+02
1.323444800917471014e+02
1.323237833739029554e+02
1.323117487990392647e+02
1.323055681697659054e+02
1.323032582640724115e+02
1.323034330728565919e+02
1.323051323552378165e+02
1.323076981057651551e+02
1.323106907972867532e+02
1.323138188584038346e+02
1.323168954046876706e+02
1.323198113896838777e+02
1.323225035172246749e+02
1.323249428363704965e+02
1.323271227749190473e+02
1.323290500287520786e+02
1.323307393662043125e+02
1.323322101879174966e+02
1.323334837740592604e+02
1.323345815043391553e+02
1.323355240497273257e+02
1.323363307554964763e+02
1.323370194644477067e+02
1.323376061771671459e+02
1.323381049640275080e+02
1.323385283069914635e+02
1.323388872311900570e+02
1.323391910098270898e+02
1.323394480580738275e+02
1.323396651698044764e+02
1.323398485280046657e+02
1.323400031786105444e+02
1.323401335004029704e+02
1.323402433517142072e+02
1.323403357207175475e+02
1.323404134865180026e+02
1.323404788311374887e+02
1.323405335891553420e+02
1.323405796645668318e+02
1.323406182525015993e+02
1.323406507271625969e+02
1.323406781098620968e+02
1.323407011222431890e+02
1.323407206153864024e+02
1.323407369990806899e+02
1.323407508055201163e+02
1.323407624177554283e+02
1.323407721274930395e+02
1.323407802353651732e+02
1.323407870593884184e+02
1.323407927816097072e+02
1.323407974554511384e+02
1.323408014220272264e+02
1.323408048568493598e+02
1.323408076444617336e+02
1.323408100136289249e+02
1.323408121179798229e+02
1.323408138761044484e+02
1.323408153576828852e+02
1.323408166353413833e+02
1.323408177290721426e+02
1.323408186448337460e+02
1.323408193956504419e+02
1.323408200191617539e+02
1.323408205420363402e+02
1.323408209637537709e+02
1.323408212251146665e+02
1.323408213817402270e+02
1.323408215010296090e+02
1.323408216503817982e+02
1.323408218654274719e+02
1.323408219501478982e+02
1.323408219272170072e+02
1.323408218814572308e+02
1.323408218976910860e+02
1.323408220521847056e+02
1.323408221986002218e+02
1.323408222818902686e+02
1.323408223379341564e+02
1.323408224026112237e+02
1.323408225117423171e+02
1.323408226558473473e+02
1.323408227991751005e+02
1.323408229299589891e+02
1.323408230364325391e+02
1.323408231068291343e+02
1.323408231548345668e+02
1.323408232128500117e+02
1.323408232705161538e+02
1.323408233167166657e+02
1.323408233403352199e+02
1.323408233341935158e+02
1.323408233100267637e+02
1.323408232788499959e+02
1.323408232510749940e+02
1.323408232371135682e+02
1.323408232345157387e+02
1.323408231725069584e+02
1.323408230567147541e+02
1.323408229089629913e+02
1.323408227510754500e+02
1.323408226048760241e+02
1.323408224921885221e+02
1.323408224348368094e+02
1.323408224546446661e+02
1.323408225613839875e+02
1.323408226326546355e+02
1.323408226453172176e+02
1.323408226175214395e+02
1.323408225674168932e+02
1.323408225131531992e+02
1.323408224728800349e+02
1.323408224647470206e+02
1.323408225069038053e+02
1.323408226152358793e+02
1.323408227424743586e+02
1.323408228618578164e+02
1.323408229715486470e+02
1.323408230697092165e+02
1.323408231545018623e+02
1.323408232240890072e+02
1.323408232766329604e+02
1.323408233102961731e+02
1.323408233234950728e+02
1.323408233434631143e+02
1.323408233841008155e+02
1.323408234377181145e+02
1.323408234966248926e+02
1.323408235531310595e+02
1.323408235995465816e+02
1.323408236281813117e+02
1.323408236313452164e+02
1.323408236013481485e+02
1.323408235511538180e+02
1.323408235017996049e+02
1.323408234546569702e+02
1.323408234110839601e+02
1.323408233724386491e+02
1.323408233400790550e+02
1.323408233153632807e+02
1.323408232996493439e+02
1.323408232942952907e+02
1.323408232896185837e+02
1.323408232699207474e+02
1.323408232400342683e+02
1.323408232051553455e+02
1.323408231704802063e+02
1.323408231412050213e+02
1.323408231225260749e+02
1.323408231196395377e+02
1.323408231377416087e+02
1.323408231692432651e+02
1.323408231988850048e+02
1.323408232262603406e+02
1.323408232510428206e+02
1.323408232729059648e+02
1.323408232915232361e+02
1.323408233065682111e+02
1.323408233177143813e+02
1.323408233246352665e+02
1.323408233246352665e+02
1.323408233246352665e+02
1.323408233246352665e+02
1.323408233246352665e+02
1.323408233246352665e+02
1.323408233246352665e+02
1.323408233246352665e+02
1.323408233246352665e+02
1.323408233246352665e+02
1.323408233246352665e+02
1.323408233246352665e+02
1.323408233246352665e+02
1.323408233246352665e+02
1.323408233246352665e+02
1.323408233246352665e+02
1.323408233246352665e+02
1.323408233246352665e+02
1.323408233246352665e+02
1.323408233246352665e+02
1.323408233246352665e+02
1.323408233246352665e+02
1.323408233246352665e+02
1.323408233246352665e+02
1.323408233246352665e+02
1.323408233246352665e+02
1.323408233246352665e+02
1.323408233246352665e+02
1.323408233246352665e+02
1.323408233246352665e+02
1.323408233246352665e+02
1.323408233246352665e+02
1.323408233246352665e+02
1.323408233246352665e+02
1.323408233246352665e+02
1.323408233246352665e+02
1.323408233246352665e+02
1.323408233246352665e+02
1.323408233246352665e+02
1.323408233246352665e+02
1.323408233246352665e+02
1.323408233246352665e+02
1.323408233246352665e+02
1.323408233246352665e+02
1.323408233246352665e+02
1.323408233246352665e+02
1.323408233246352665e+02
1.323408233246352665e+02
1.323408233246352665e+02
1.323408233246352665e+02
1.323408233246352665e+02
1.323408233246352665e+02
1.323408233246352665e+02
1.323408233246352665e+02
1.323408233246352665e+02
1.323408233246352665e+02
1.323408233246352665e+02
1.323408233246352665e+02
1.323408233246352665e+02
1.323408233246352665e+02
1.323408233246352665e+02
1.323408233246352665e+02
1.323408233246352665e+02
1.323408233246352665e+02
1.323408233246352665e+02
1.323408233246352665e+02
1.323408233246352665e+02
1.323408233246352665e+02
1.323408233246352665e+02
1.323408233246352665e+02
1.323408233246352665e+02
1.323408233246352665e+02
1.323408233246352665e+02
1.323408233246352665e+02
1.323408233246352665e+02
1.323408233246352665e+02
1.323408233246352665e+02
1.323408233246352665e+02
1.323408233246352665e+02
1.323408233246352665e+02
1.323408233246352665e+02
1.323408233246352665e+02
1.323408233246352665e+02
1.323408233246352665e+02
1.323408233246352665e+02
1.323408233246352665e+02
1.323408233246352665e+02
1.323408233246352665e+02
1.323408233246352665e+02
1.323408233246352665e+02
1.323408233246352665e+02
1.323408233246352665e+02
1.323408233246352665e+02
1.323408233246352665e+02
1.323408233246352665e+02
1.323408233246352665e+02
1.323408233246352665e+02
1.323408233246352665e+02
1.323408233246352665e+02
1.323408233246352665e+02
1.323408233246352665e+02
1.323408233246352665e+02
1.323408233246352665e+02
1.323408233246352665e+02
1.323408233246352665e+02
1.323408233246352665e+02
1.323408233246352665e+02
1.323408233246352665e+02
1.323408233246352665e+02
1.323408233246352665e+02
1.323408233246352665e+02
1.323408233246352665e+02
1.323408233246352665e+02
1.323408233246352665e+02
1.323408233246352665e+02
1.323408233246352665e+02
1.323408233246352665e+02
1.323408233246352665e+02
1.323408233246352665e+02
1.323408233246352665e+02
1.323408233246352665e+02
1.323408233246352665e+02
1.323408233246352665e+02
1.323408233246352665e+02
1.323408233246352665e+02
1.323408233246352665e+02
1.323408233246352665e+02
1.323408233246352665e+02
1.323408233246352665e+02
1.323408233246352665e+02
1.323408233246352665e+02
1.323408233246352665e+02
1.323408233246352665e+02
1.323408233246352665e+02
1.323408233246352665e+02
1.323408233246352665e+02
1.323408233246352665e+02
1.323408233246352665e+02
1.323408233246352665e+02
1.323408233246352665e+02
1.323408233246352665e+02
1.323408233246352665e+02
1.323408233246352665e+02
1.323408233246352665e+02
1.323408233246352665e+02
1.323408233246352665e+02
1.323408233246352665e+02
1.323408233246352665e+02
1.323408233246352665e+02
1.323408233246352665e+02
1.323408233246352665e+02
1.323408233246352665e+02
1.323408233246352665e+02
1.323408233246352665e+02
1.323408233246352665e+02
1.323408233246352665e+02
1.323408233246352665e+02
1.323408233246352665e+02
1.323408233246352665e+02
1.323408233246352665e+02
1.323408233246352665e+02
1.323408233246352665e+02
1.323408233246352665e+02
1.323408233246352665e+02
1.323408233246352665e+02
1.323408233246352665e+02
1.323408233246352665e+02
1.323408233246352665e+02
1.323408233246352665e+02
1.323408233246352665e+02
1.323408233246352665e+02
1.323408233246352665e+02
1.323408233246352665e+02
1.323408233246352665e+02
1.323408233246352665e+02
1.323408233246352665e+02
1.323408233246352665e+02
1.323408233246352665e+02
1.323408233246352665e+02
1.323408233246352665e+02
1.323408233246352665e+02
1.323408233246352665e+02
1.323408233246352665e+02
1.323408233246352665e+02
1.323408233246352665e+02
1.323408233246352665e+02
1.323408233246352665e+02
1.323408233246352665e+02
1.323408233246352665e+02
1.323408233246352665e+02
1.323408233246352665e+02
1.323408233246352665e+02
1.323408233246352665e+02
1.323408233246352665e+02
1.323408233246352665e+02
1.323408233246352665e+02
1.323408233246352665e+02
1.323408233246352665e+02
1.323408233246352665e+02
1.323408233246352665e+02
1.323408233246352665e+02
